16 16 50 50
00000000000000000000000000000000000000000000000110
00000000000000000000000000000000000000000000001110
00000000000000000000000000000000000000000000011110
00000000000000000000000000000000000000000001111000
00000000000000000000000000000000000000000011110000
00000000000000000000000000000000000000000111100000
00000000000000000000000000000000000000001110000000
00000000000000000000000000000000000000011100000000
00000000000000000000000000000000000001111000000000
00000000000000000000000000000000000011110000000000
00000000000000000000000000000000001111100000000000
00000000000000000000000000000000011110000000000000
00000000000000000000000000000000011100000000000000
00000000000000000000000000000000010000000000000000
00000000000000000000000000000000000000000000000000
00000000000000000000000000000000000000000000000000
00000000000000000000000000010000000000000000000000
00000000000000000000000000110000000000000000000000
00000000000000000000000001110000000000000000000000
00000000000000000000000011100000000000000000000000
00000000000000000000000111000000000000000000000000
00000000000000000000001110000000000000000000000000
00000000000000000001111100000000000000000000000000
00000000000011111111111000000000000000000000000000
00000000011111111111110000000000000000000000000000
00000001111111111110000000000000000000000000000000
00000111111100000000000000000000000000000000000000
00011111100000000000000000000000000000000000000000
11111110000000000000000000000000000000000000000000
11111000000000000000000000000000000000000000000000
11100000000000000000000000000000000000000000000000
00000000000000000000000000000000000000000000000000
00000000000000000000000000000000000000000000000000
00000000000000000000000000000000000000000000000000
00000000000000000000000000000000000000000000000000
00000000000000000000000000000000000000000000000000
00000000000000000000000000000000000000000000000000
00000000000000000000000000000000000000000000000000
00000000000000000000000000000000000000000000000000
00000000000000000000000000000000000000000000000000
00000000000000000000000000000000000000000000000000
00000000000000000000000000000000000000000000000000
00000000000000000000000000000000000000000000000000
00000000000000000000000000000000000000000000000000
00000000000000000000000000000000000000000000000000
00000000000000000000000000000000000000000000000000
00000000000000000000000000000000000000000000000000
00000000000000000000000000000000000000000000000000
00000000000000000000000000000000000000000000000000
00000000000000000000000000000000000000000000000000
---
00000000000000000000000000000000001111000000000110
01111000000000000000000000000000001111000000001110
01111000000000000000000000000000001111000000011110
01111000000000000011110000000000001111000001111000
01111000000000000011110000000000000000000011110000
00000000000000000011110000000000000000000111100000
00000000000000000011110011000000000000001110000000
00000000001100000000000111100000000000011100000000
00000000011110000000000111100000000001111000000000
00000000011110000000000111100000000011110000000000
00000000000000000000000011000000001111100000000000
00000011000000000000000000000000011110000001100000
00000111100000000111100000000000011100000011110000
00000111100000000111100000000000010000000011110000
00000000000000000111100000000000000000000001100000
00000000000000000111100000000000000000000000000000
00000000011000000000000000010000000000000000000000
00000000111100011000000000110000000000000000000000
00011000111100111100000001110000000000000000000100
00111100000000111100000011100000000000000000001110
00111100000000111100000111000000000000000000000100
00000000000000000000001110000000000000000000000000
00000000000000000001111100000000000000000000000000
00000000000011111111111000000000000000000000000000
00000000011111111111110000000000000000000000000000
00000001111111111110000000000000000000001111000000
00000111111100000000000000000000000000001111000000
00011111100000000000000000000000000000001111000000
11111110000000000000000000000000000000001111000000
11111000000000000000000000000000000000000000000000
11100000000000000000000000000000000001111000000000
00000000000000000000011000000000000001111000000000
00000000000001111000111100000000000001111000000000
00000000000001111000111100000000000001111000000000
00000000000001111000011000000000000001111000000000
00000000000001111000000000000000000000000000000000
00000000000000000000000000000000000000000000000000
00000000000000000000000000000000000000000000000000
00000000000000000000000000000000000000000000000000
00000000000000000000000000000000000000000000000000
00000000000000000000000000000000000000000000000000
00000000000000000000000000000000000000000000000000
00000000000000000000000000000000000000001111000000
00000000000000000000000000000000000000001111000000
00000000000000000000000000000000000000001111000000
00001111000000000000000000000000000000001111000000
00001111000000000000000000000000000000000000000000
00001111000000000000000000000000000000000000000000
00001111000000000000000000000000000000000000000000
00000000000000000000000000000000000000000000000000
